[gd_scene load_steps=14 format=2]

[ext_resource path="res://scripts/World.gd" type="Script" id=1]
[ext_resource path="res://scripts/Camera.gd" type="Script" id=2]
[ext_resource path="res://scenes/Map.tscn" type="PackedScene" id=3]
[ext_resource path="res://scripts/Castle.gd" type="Script" id=4]
[ext_resource path="res://sprites/castle6.png" type="Texture" id=5]
[ext_resource path="res://scenes/Army.tscn" type="PackedScene" id=6]
[ext_resource path="res://scenes/Castle.tscn" type="PackedScene" id=7]
[ext_resource path="res://scenes/Battle_Screen.tscn" type="PackedScene" id=8]
[ext_resource path="res://scenes/Battle.tscn" type="PackedScene" id=9]

[sub_resource type="ProceduralSky" id=1]

[sub_resource type="Environment" id=2]
background_mode = 2
background_sky = SubResource( 1 )
background_sky_custom_fov = 160.0

[sub_resource type="BoxShape" id=3]

[sub_resource type="CubeMesh" id=4]

[node name="World" type="Spatial"]
script = ExtResource( 1 )

[node name="WorldEnvironment" type="WorldEnvironment" parent="."]
environment = SubResource( 2 )

[node name="Camera" type="Camera" parent="."]
transform = Transform( 1, 0, 0, 0, 0.766045, 0.642788, 0, -0.642788, 0.766045, 12.9897, 3, 0.089351 )
script = ExtResource( 2 )

[node name="DirectionalLight" type="DirectionalLight" parent="."]
transform = Transform( -0.24207, -0.266039, 0.933073, -0.0345336, 0.963428, 0.265734, -0.969644, 0.032104, -0.242405, -0.258845, 1.82645, 1.06242 )

[node name="Map" parent="." instance=ExtResource( 3 )]
transform = Transform( 0.999991, -0.00343897, 0.00265712, 0.0034396, 0.999994, -0.000232949, -0.00265631, 0.000242092, 0.999996, 0, 0, 0 )

[node name="Castle" type="Area" parent="."]
transform = Transform( 0.5, 0, 0, 0, 0.3, 0, 0, 0, 0.5, 12.6536, 0.3, -3.40234 )
visible = false
script = ExtResource( 4 )

[node name="View" type="Sprite3D" parent="Castle"]
transform = Transform( 0.5, 0, 0, 0, 0.5, 0, 0, 0, 0.5, 0, 1.59551, 0 )
double_sided = false
texture = ExtResource( 5 )

[node name="CollisionShape" type="CollisionShape" parent="Castle"]
transform = Transform( 1, 0, 0, 0, 1, 0, 0, 0, 1, -0.162603, 0.446936, -0.33515 )
shape = SubResource( 3 )

[node name="3D" type="MeshInstance" parent="Castle"]
transform = Transform( 1, 0, 0, 0, 1, 0, 0, 0, 1, -0.162603, 0, -0.33515 )
visible = false
mesh = SubResource( 4 )
material/0 = null

[node name="Castle2" type="Area" parent="."]
transform = Transform( 0.5, 0, 0, 0, 0.3, 0, 0, 0, 0.5, 4.63356, 0.3, -1.66396 )
visible = false
script = ExtResource( 4 )

[node name="View" type="Sprite3D" parent="Castle2"]
transform = Transform( 0.5, 0, 0, 0, 0.5, 0, 0, 0, 0.5, 0, 1.59551, 0 )
double_sided = false
texture = ExtResource( 5 )

[node name="CollisionShape" type="CollisionShape" parent="Castle2"]
transform = Transform( 1, 0, 0, 0, 1, 0, 0, 0, 1, -0.162603, 0.446936, -0.33515 )
shape = SubResource( 3 )

[node name="3D" type="MeshInstance" parent="Castle2"]
transform = Transform( 1, 0, 0, 0, 1, 0, 0, 0, 1, -0.162603, 0, -0.33515 )
visible = false
mesh = SubResource( 4 )
material/0 = null

[node name="Army" parent="." instance=ExtResource( 6 )]

[node name="Armies" type="Node" parent="."]

[node name="Army_1" parent="Armies" instance=ExtResource( 6 )]
transform = Transform( 0.7, 0, 0, 0, 0.7, 0, 0, 0, 0.7, 7.6, 0.4, -3.6 )

[node name="Castles" type="Node" parent="."]

[node name="Castle_1" parent="Castles" instance=ExtResource( 7 )]
transform = Transform( 0.5, 0, 0, 0, 0.3, 0, 0, 0, 0.5, 4.2, 0.77, -0.1 )

[node name="Castle_2" parent="Castles" instance=ExtResource( 7 )]
transform = Transform( 0.5, 0, 0, 0, 0.3, 0, 0, 0, 0.5, 4.42749, 0.77, -4.80234 )

[node name="Castle_3" parent="Castles" instance=ExtResource( 7 )]
transform = Transform( 0.5, 0, 0, 0, 0.3, 0, 0, 0, 0.5, 11.0275, 0.77, -2.96373 )

[node name="Battle_Screen" parent="." instance=ExtResource( 8 )]
visible = false

[node name="Battle" parent="." instance=ExtResource( 9 )]
visible = false
